0.651
1467810369
1467823046
1467841985
1467854706
1467971937
1468022154
1468141439
1468147480
1468152662
1468194474
1468222458
1468277616
1468294189
1468305298
1468323352
1468350990
1468353283
1468363696
1468416968
1468653891
1468713975
1468788316
1468851257
1468853362
1468867682
1468869955
1468884106
1468956216
1468965277
1469070756
1469174690
1469175624
1469332239
1469367959
1469504022
1469556886
1469586840
1469588368
1469616234
1469702598
1469760459
1469783570
1469814230
1470068878
1470184592
1548318058
1548318089
1548495887
1548497412
1548499336
1548700297
1548775825
1548778307
1548853933
1550762111
1550838931
1550842657
1550847854
1550934083
1551025320
1551049117
1551242276
1551271087
1551303814
1551427323
1551492312
1551683036
1551714135
1551745647
1551901677
1552035688
1553179544
1553240921
1553301492
1553365164
1553458859
1553462868
1553491388
1553584021
1553584195
1553773447
1553926283
1553955966
1554016844
1554166882
1554525444
1555729487
1555732276
1555759472
1555931000
1555948184
1555984963
1556065268
1556314428
1556360851
1556361985
1556395137
1556490351
1556510200
1556531101
1556552091
1556590682
1556595537
1556607315
1556701241
1556723578
1556794166
1556812745
1556859702
1556986559
1557018083
1557076284
1557089018
1557092896
1557108349
1557127519
1557196544
1557235928
1557245465
1557318853
1557328620
1557376333
1557388067
1557495851
1557556783
1557562479
1557615461
1557616264
1557632526
1557644140
1557680197
1557713531
1557782637
1557915414
1557980464
1557994455
1557999746
1558003385
1558023873
1558066637
1558072318
1558072349
1558167236
1558192189
1558213373
1558214781
1558254605
1558265511
1558372064
1558396092
1558733859
1558765395
1558792776
1558885636
1558974051
1559068472
1559069628
1559129556
1559218257
1559292182
1559356958
1559673443
1559677492
1559908144
1559940226
1560005525
1562361914
1563448050
1563513464
1563558073
1563578431
1563661735
1563718962
1563766071
1563796075
1563796454
1563807026
1563830597
1563845255
1563867822
1564008495
1564039466
1564039674
1564042329
1564089971
1564147744
1564218035
1564299252
1564299946
1564317284
1564363153
1564381575
1564503761
1564505451
1564539484
1564585458
1564644828
1564692110
1564733573
1564855103
1564855353
1564987841
1565045759
1565294837
1565330750
1565365365
1565388708
1565467660
1565687097
1565720688
1565792132
1565996758
1573069350
1573159475
1573194907
1573252109
1573252988
1573274546
1573310055
1573322799
1573349825
1573359893
1573385524
1573392336
1573400995
1573477883
1573511997
1573520649
1573529860
1573579796
1573580743
1573581030
1573617648
1573649805
1573664189
1573685091
1573718285
1573752902
1573779492
1573968692
1574006755
1574087957
1574106077
1675862988
1676064946
1676093355
1676129392
1676253081
1676253209
1676342419
1676369117
1676387727
1676396421
1676445454
1676483353
1676579153
1676703525
1676714110
1676760032
1676761515
1676808119
1676827338
1676872434
1676891637
1676947102
1676954357
1676972538
1677055474
1677075162
1677076299
1677093740
1677133500
1677153567
1677187526
1677261942
1677330082
1677330296
1677361170
1677370967
1677379060
1677394757
1677426682
1677504257
1677566035
1677579918
1677686886
1677720309
1677809658
1677893444
1677909760
1678052959
1678153109
1678216028
1678265141
1678265340
1678336120
1678401215
1678492947
1678493300
1678548313
1678752734
1678810498
1678817984
1678863971
1678879503
1678905446
1678944598
1678944638
1678977497
1679210263
1679313539
1679350283
1680165161
1680742192
1680776689
1680849581
1680884655
1681104872
1684762584
1684819805
1684819899
1684847803
1684927674
1684969857
1684981732
1685006271
1685030594
1685031414
1685127746
1685304983
1685387377
1685573214
1685644439
1685720185
1685870875
1685983053
1686074644
1686083547
1686183338
1686185228
1686216416
1686250334
1686267004
1686297721
1686303213
1686335262
1686335394
1686409887
1686468863
1686479870
1686528624
1686638877
1686700182
1686791004
1686801295
1686877455
1686920875
1686956999
1686957828
1686978943
1686980690
1687039845
1687125121
1687184919
1687216266
1687216453
1687402452
1687433996
1687662815
1687766121
1688043632
1688078901
1688114114
1688818625
1688818780
1688895814
1691119156
1691269955
1691339437
1691339702
1691421177
1692098447
1692216922
1692256233
1692256750
1692372566
1692524148
1692528269
1692749877
1692922563
1693087186
1693118779
1693379155
1693582671
1693631521
1693831043
1693832593
1693832636
1693935567
1693975539
1694091113
1694203788
1694240308
1694312237
1694367237
1694401066
1694401661
1694455040
1694457763
1694533703
1694546376
1694552445
1694686765
1694727520
1694812972
1694873919
1694882523
1694952749
1694954454
1695053664
1695083053
1695137257
1695163882
1695249050
1695620876
1695657091
1695846359
1696215891
1750895141
1750930618
1750965106
1751034655
1751069281
1751202385
1751324739
1751500571
1751537806
1751609715
1751949655
1751953066
1752220114
1752348890
1752416053
1752443716
1752444039
1752476961
1752524436
1752697690
1752767220
1752895729
1752896854
1752941781
1752964404
1752964724
1753094805
1753307859
1753309879
1753384040
1753415392
1753431870
1753465024
1753518278
1753631640
1753773121
1753869051
1754024315
1754024569
1754179676
1754192209
1754318478
1754402258
1754473317
1754599378
1754602246
1754708424
1755059583
1755061131
1755181321
1755315486
1755443052
1755510562
1755708109
1755842151
1759163629
1759310905
1759492926
1759540898
1759653173
1759691231
1759773677
1760006542
1760179839
1760213614
1760360855
1770739238
1770809502
1770980190
1771004434
1771198039
1771210128
1791600658
1791791919
1791806854
1792115648
1792117812
1792196219
1792325654
1792327149
1792420652
1792481006
1792667320
1792690185
1792693919
1792865652
1792887601
1792917517
1792938068
1793068369
1793119103
1793224145
1793332033
1793372939
1793397206
1793437471
1793438760
1793481936
1793483757
1793505352
1793570761
1793706336
1793751871
1793776408
1793829089
1793853301
1793854749
1793873036
1793904315
1793933209
1793985685
1793987031
1794188164
1794214082
1794227178
1794325746
1794772516
1794783941
1794866418
1794908642
1794909438
1795178247
1795226582
1795267023
1795269197
1795317308
1795363659
1795501115
1795700542
1795857532
1795959733
1796857377
1796904794
1822358341
1822461923
1822723156
1823013900
1823040086
1823048241
1823121412
1823122006
1823416419
1823417257
1823541633
1823597732
1823706206
1823711653
1823791724
1823814469
1823818049
1823834710
1823969950
1824133800
1824135348
1824135548
1824135690
1824182353
1824203706
1824261936
1824280719
1824287960
1824346200
1824425910
1824430332
1824544773
1824621390
1824637284
1824637314
1824711502
1824730263
1824785620
1824817368
1824844023
1824898282
1825029242
1825067071
1825076730
1825172335
1825240263
1825241352
1825339978
1825414085
1825438104
1825459103
1825485602
1825508585
1825689609
1825716046
1826036855
1826057919
1826381789
1826383416
1826416844
1826522063
1826525549
1826561413
1826996660
1827074878
1827353706
1827366861
1827367159
1827381443
1827381832
1827396976
1827423272
1827428252
1827437673
1827462333
1827469657
1827487171
1827509628
1827587440
1827648079
1827657151
1827705794
1827731134
1827739033
1827804232
1827820002
1827846187
1827860065
1827894541
1827939149
1827962151
1827979868
1827994387
1828004858
1828024584
1828076023
1830924783
1831200933
1831297275
1831347423
1832259257
1832581838
1832598708
1832636113
1832659418
1832769582
1832864379
1833021794
1833234318
1833281879
1833310414
1833390952
1833400604
1833427018
1833525699
1833556451
1833565153
1833566597
1833577117
1833580364
1833587520
1833609162
1833647435
1833687514
1833736614
1833781606
1833802719
1833802829
1833896516
1833911324
1833921839
1833965499
1833986077
1833994033
1834020956
1834038514
1834111498
1834117076
1834154801
1834167544
1834237732
1834307574
1834313859
1834340083
1834340305
1834345205
1834355575
1834376893
1834399328
1834428893
1834429196
1834518030
1834543876
1834617869
1834661351
1834663105
1834747953
1834756238
1834789458
1834830511
1834833962
1834855219
1834885585
1834897181
1834897699
1834941187
1834942617
1834952043
1835149415
1835232582
1835259239
1835324555
1835354843
1835425436
1835449837
1835655907
1835673287
1835701134
1835721508
1835772659
1835885753
1835888198
1835974474
1836010411
1836117517
1836133712
1836189437
1836206648
1836207117
1836226421
1836278529
1836454904
1836456373
1836458953
1879921482
1879952416
1880039125
1880103290
1880146681
1880204818
1880206280
1880206985
1880225980
1880235940
1880285788
1880294252
1880324143
1880343469
1880381221
1880401269
1880410369
1880475139
1880477820
1880522469
1880538473
1880553156
1880562629
1880572429
1880572752
1880580631
1880594299
1880597957
1880598499
1880607409
1880609719
1880633614
1880663618
1880664968
1880709634
1880736142
1880736368
1880755293
1880756424
1880771065
1880782565
1880800910
1880808948
1880828888
1880841222
1880895639
1880904154
1880916014
1880937071
1880945920
1881011240
1881019472
1881029262
1881041117
1881059528
1881060436
1881159228
1881187433
1881189891
1881208484
1881211148
1881338312
1881383889
1881417341
1881451798
1881475379
1881502835
1881517208
1881537775
1881542792
1881551900
1881580411
1881605978
1881686170
1881833457
1881929786
1881993221
1882109437
1882128427
1882146601
1882162648
1882193352
1882215056
1882248866
1882268773
1882275243
1882319877
1882320779
1882374358
1882374395
1882404021
1882462521
1882466664
1882492138
1882508553
1882631683
1882895988
1882972314
1883057960
1883253969
1883276286
1883285356
1883302756
1883344152
1883455033
1883560665
1883601071
1883640608
1932276847
1932309787
1932396808
1932429824
1932488838
1932513931
1932774181
1932857872
1932858345
1932858806
1932886859
1932894075
1932938435
1932993159
1933020610
1933035513
1933074283
1933096711
1933138374
1933141775
1933163201
1933168908
1933174799
1933223520
1936064597
1936081436
1955865840
1955947421
1955948430
1955950454
1955981915
1955984349
1956057911
1956072585
1956072613
1956110647
1956162403
1956176755
1956243781
1956246359
1956277054
1956309909
1956321128
1956327294
1956341748
1956358973
1956421114
1956515858
1956617105
1956687021
1956733979
1956850350
1956860826
1956941140
1956952237
1956966443
1957015475
1957053685
1957065322
1957110698
1957241010
1957446637
1957542093
1957616649
1957629260
1957669592
1957738949
1957745916
1958074103
1958097406
1960296107
1960396697
1960576036
1960820458
1960864881
1960962796
1961059288
1961113314
1961113956
1961150585
1961152410
1961292123
1961298221
1961355710
1961355870
1961551876
1961552457
1961721192
1961767016
1962015688
1962045507
1962158314
1962201199
1962318476
1962391823
1962395745
1962398562
1962438840
1962630502
1962678655
1962702878
1962781621
1962798803
1962907469
1962935019
1962939981
1963102339
1963135793
1963136456
1963199198
1963199940
1963228517
1963243460
1963408939
1963462813
1963463834
1963488860
1963531079
1963603407
1963649102
1963777480
1963819350
1963998125
1964062669
1964159645
1964195230
1964246804
1964396263
1964418135
1964524421
1964545474
1964546332
1964588954
1964640319
1964753095
1964814560
1964854224
1964872486
1964937946
1964939778
1965081394
1965290304
1965531224
1965544428
1965563541
1965619672
1965620313
1965621204
1965638677
1965698138
1965805651
1965826470
1965842315
1965859633
1965952061
1965952367
1965996982
1966042682
1966113423
1966183228
1966185081
1966195083
1966228071
1966338217
1966375792
1966375840
1966449859
1966520559
1966523824
1966550460
1966596581
1966636524
1966672119
1966782417
1966839231
1966875149
1966904988
1966946892
1966962049
1966981206
1967005106
1967005599
1967006062
1967024614
1967076602
1967077689
1967112655
1967115595
1967250169
1967303916
1967331972
1967342030
1967369410
1967455796
1967494194
1967592527
1967633158
1967641411
1967738646
1967792190
1967812818
1967830429
1967847540
1967870016
1967887927
1967888081
1967945321
1967983859
1968116994
1968135638
1968202167
1968318627
1968636206
1968678347
1968680829
1968693796
1968701392
1968708551
1968749622
1968792376
1968808631
1968849683
1968862893
1968939086
1968956230
1969028205
1969029223
1969075187
1969158469
1969197937
1969209470
1969212179
1969301019
1969315147
1969356296
1969386076
1969440099
1969440440
1969464607
1969471601
1969472555
1969494477
1969634390
1969681049
1969716436
1969718774
1969765452
1969767851
1969783607
1969783740
1969791643
1969829341
1969846142
1969856914
1969864914
1969890711
1969916943
1969959604
1969964448
1970195826
1970197396
1970221271
1970254252
1970279601
1970284731
1970309195
1970309658
1970338464
1970345420
1970370261
1970409553
1970443605
1970470700
1970518051
1970521949
1970529558
1970560648
1970569246
1970622213
1970647193
1970674292
1970784918
1970792485
1970802419
1970907096
1970922383
1970942043
1970976058
1970997780
1971018048
1971059925
1971095958
1971109316
1971112157
1971145930
1971194864
1971231329
1971268786
1971281681
1971305493
1971329093
1971353515
1971399305
1971515559
1971529594
1971559168
1971577875
1971591438
1971604877
1971678874
1971781491
1971873550
1972040388
1972047168
1972113488
1972177813
1972178882
1972180784
1972211822
1972212044
1972220610
1972226044
1972268661
1972294343
1972329512
1972330308
1972421794
1972472818
1972624038
1972634122
1972639767
1972702941
1972771911
1972789851
1972789984
1973021025
1973365696
1973400421
1973401861
1973435677
1973436111
1973468959
1973528321
1973709193
1973724240
1973809367
1973825088
1973879330
1973880325
1973965423
1974037882
1974052229
1974150548
1974150776
1974202420
1974283568
1974332894
1974381482
1974427800
1974428822
1974444395
1974529849
1974641058
1974645728
1974660315
1974675381
1974714908
1974741993
1974757320
1974833372
1975040504
1975088292
1975139302
1975155081
1975186670
1975221731
1975233353
1975343431
1975408857
1975425119
1975439293
1975533891
1975613283
1975614726
1975628152
1975629391
1975655145
1975739142
1975849245
1975861525
1975939493
1975962035
1975974650
1976012979
1976091889
1976092811
1976109543
1976122985
1976169665
1976197273
1976197547
1976215769
1976254214
1976303820
1976309034
1976520175
1976639485
1976722420
1976734877
1976752440
1976778499
1976799764
1976830613
1976905309
1976905800
1976950602
1976969897
1976972640
1976972661
1977004923
1977027067
1977027670
1977053537
1977053993
1977080525
1977134499
1977165281
1977188181
1977194989
1977260552
1977352355
1977373463
1977391760
1977478446
1977528561
1977536684
1977575845
1977579125
1977590788
1977641795
1977704286
1977752930
1977779735
1977850445
1977881484
1977947576
1977996441
1978011295
1978067922
1978081358
1978148270
1978172682
1978174976
1978200499
1978236695
1978263890
1978272867
1978309098
1978359765
1978385104
1978441286
1978513754
1978516086
1978544281
1978619890
1978674813
1978712126
1978725460
1978747539
1978765024
1978784868
1978805659
1978816189
1978842391
1978881072
1978917583
1978944438
1978971910
1978998204
1979007194
1979023292
1979049079
1979082890
1979092397
1979138878
1979154668
1979174842
1979179711
1979190637
1979256390
1979270624
1979316474
1979334350
1979350277
1979390778
1979402873
1979428033
1979452186
1979481632
1979536499
1979543474
1979558827
1979561605
1979566665
1979567381
1979576712
1979583660
1979615996
1979655588
1979678900
1979683045
1979707351
1979707739
1979750162
1979805165
1979807235
1979824544
1979854714
1979876771
1980003972
1980017547
1980025682
1980082986
1980107813
1980210924
1980243256
1980244299
1980254470
1980331116
1980398792
1980433807
1980445102
1980454888
1980493294
1980552206
1980564628
1980566488
1980604360
1980616407
1980618570
1980668650
1980857981
1980868582
1980871245
1981029899
1981051220
1981086899
1981127497
1981161655
1981172548
1981234761
1981250069
1981281710
1981343052
1981375366
1981390181
1981404305
1981438938
1981443860
1981456978
1981545563
1981643130
1981658974
1981724064
1981770082
1981801687
1981801688
1981900585
1982098562
1982165892
1982167358
1982242800
1982255994
1982310761
1982364930
1982416229
1982431031
1982449367
1982532274
1982634585
1982668299
1982735412
1982747550
1982787500
1982835826
1982874538
1982890263
1982908226
1983049388
1983068708
1983204428
1983207574
1983227721
1983239020
1983266668
1983309302
1983327129
1983433495
1983544400
1983570480
1983581062
1983589353
1983660004
1983693102
1983694156
1983703186
1983793863
1983847117
1983950254
1983950926
1983969629
1983970305
1983970733
1984070205
1984086695
1984140584
1984260078
1984312105
1984395758
1984395798
1984414713
1984482037
1984505941
1984518086
1984566029
1984601873
1984621626
1984668237
1984730378
1984731079
1984733349
1984758729
1984799362
1984816341
1984835765
1984847555
1984882031
1984900628
1984935450
1984968426
1985093681
1985101337
1985132677
1985140663
1985167510
1985194268
1985196593
1985250994
1985251289
1985283107
1985287729
1985314329
1985366887
1985366963
1985381362
1985400868
1985401668
1985416585
1985507265
1985521028
1985557373
1985575804
1985589594
1985608976
1985629149
1985809820
1985820444
1985947398
1985986062
1985995941
1986006253
1986026486
1986044144
1986163450
1986194216
1986571529
1986581930
1986619770
1986641242
1986786468
1986809950
1986920737
1986977043
1988696824
1988702663
1988712392
1988726701
1988736262
1988770562
1988771138
1988794017
1988807719
1988864101
1988883408
1988947547
1988961775
1988977689
1989055740
1989195577
1989238668
1989295103
1989299126
1989339247
1989380034
1989435504
1989444879
1989473566
1989482645
1989490494
1989542505
1989568749
1989620620
1989676482
1989694330
1989756576
1989757455
1989758245
1989787765
1989805127
1989815670
1989824979
1989832354
1989841960
1989884136
1989897759
1989903419
1989912915
1989970487
1990000835
1990009406
1990023395
1990042732
1990051361
1990079729
1990081251
1990113456
1990213029
1990224474
1990270454
1990297488
1990315085
1990429095
1990436133
1990447518
1990485204
1990524894
1990590513
1990590972
1990602310
1990670887
1990682302
1990698900
1990738745
1990841329
1990849423
1990872440
1990936376
1990953879
1990968221
1990969320
1991070443
1991137055
1991189594
1991222386
1991260746
1991270669
1991327496
1991349719
1991478224
1991494451
1991605205
1991619818
1991656710
1991663718
1991756511
1991796239
1991827117
1991836024
1991989232
1992091351
1992108840
1992111362
1992229457
1992229862
1992230245
1992271679
1992313668
1992316009
1992419107
1992455857
1992456581
1992501732
1992519882
1992560349
1992605142
1992607102
1992646008
1992679692
1992687023
1992703336
1992708505
1992850478
1992863424
1992892783
1992893061
1992975233
1992996284
1993245980
1993351708
1993394010
1993538161
1993540627
1993665264
1993665707
1993728824
1993837609
1993859360
1993879076
1993985091
1994029738
1994113232
1994208601
1994215898
1994251292
1994316027
1994400912
1994410977
1994447094
1994631126
1994699758
1994764896
1994828373
1994997850
1995018447
1995128672
1995191483
1995192416
1995234715
1995274647
1995335542
1995403087
1995446739
1995468359
1995548586
1995592533
1995593099
1995651064
1995721580
1995821977
1995851607
1995882826
1995927122
1995939628
1995940365
1995956924
1995958251
1996024508
1996045212
1996065978
1996066741
1996192111
1996216128
1996245626
1996257822
1996276529
1996336233
1996357305
1996518644
1996536526
1996595845
1996606351
1996636038
1996787711
1996805155
1996916724
1996917792
1996954921
1996972646
1996974510
1997028367
1997048398
1997057140
1997063108
1997064547
1997119782
1997260503
1997369236
1997388144
1997425873
1997427492
1997480973
1997517447
1997539608
1997540025
1997655687
1997659079
1997678040
1997697519
1997734796
1997750311
1997890629
1997910286
1998065234
1998085972
1998086133
1998109242
1998190389
1998341704
1998393397
1998433269
1998559652
1998665646
1998672713
1998696896
1998956190
1998959247
1999020740
1999081622
1999082500
1999218343
1999236514
1999294405
1999484456
1999500328
1999622490
1999647580
1999708883
1999746989
1999761186
1999783989
1999838272
2000153119
2000222270
2000288735
2000302851
2000304403
2000332658
2000333929
2000351448
2000400499
2000410619
2000412321
2000415281
2000415571
2000428122
2000632044
2000671213
2000709333
2000724077
2000760726
2000761412
2000788784
2000827514
2000859431
2000876174
2000937602
2001009494
2001030096
2001051834
2001076939
2001077413
2001089537
2001120529
2001120667
2001147127
2001167271
2001179123
2001179681
2001270228
2001298009
2001404025
2001404553
2001437337
2001457053
2001464772
2001525830
2001577743
2001588719
2001696507
2001751668
2001767990
2001771572
2001799719
2001896316
2001947271
2001956856
2001965645
2001975769
2002002173
2002015528
2002031791
2002065355
2002253983
2002255385
2002298070
2002316755
2002316821
2002411368
2002418805
2002418829
2002443505
2002467623
2002498280
2002524431
2002670646
2002710750
2002711429
2002777609
2002815670
2002830925
2002844615
2002871716
2002987078
2003023406
2003042083
2003079325
2003082359
2003204139
2003206489
2003206504
2003229650
2003247771
2003263095
2003264493
2003312248
2003313756
2003493750
2003536021
2003601108
2003792939
2004190742
2004305396
2004454660
2004685835
2004686320
2005061254
2005119960
2005749882
2006035606
2006459542
2006532087
2006617540
2006965930
2007086355
2007242690
2007794059
2008077739
2008244725
2008556706
2008559579
2008559961
2008578916
2008810699
2009186739
2009275068
2009589317
2009989333
2010601007
2010644681
2011036397
2011037714
2011239116
2011371735
2011505296
2011632671
2011927964
2012030470
2012032043
2012153004
2012312804
2012549126
2012552114
2012722962
2012723809
2012820058
2012896727
2012907990
2012926711
2012969871
2013027416
2013067159
2013084011
2013131023
2013164060
2013178948
2013288726
2013341815
2013410894
2013457990
2013470451
2013495503
2013525590
2013536004
2013557645
2013653469
2013683586
2013693590
2013706488
2013720300
2013791295
2013819123
2013822569
2013855300
2013864138
2013900996
2013932949
2013982456
2014023109
2014023325
2014135842
2014148531
2014157168
2014211807
2014218959
2014253638
2014295746
2014308011
2014310371
2014317083
2014339990
2014359839
2014436113
2014449129
2014452437
2014471247
2014691453
2014693062
2014720087
2014730504
2014731765
2014753901
2014767948
2014804810
2014815438
2014866449
2014886961
2014901886
2014908428
2014917009
2014949754
2014987658
2015041851
2015050080
2015051837
2015053056
2015127795
2015163696
2015175348
2015206815
2015246844
2015312993
2015322129
2015336491
2015338603
2015436008
2015449991
2015588045
2015627378
2015651678
2015667870
2015697259
2015711618
2015722464
2015752352
2015777146
2015905004
2015930851
2015970067
2015986647
2016030368
2016055363
2016071376
2016072529
2016090201
2016105149
2016122955
2016156671
2016176404
2016250485
2016283067
2016362866
2016399431
2016418013
2016474041
2016497273
2016556999
2016568955
2016608836
2016816437
2016976610
2017015076
2017106733
2017125217
2017156613
2017194237
2017326992
2017333211
2017485812
2017545021
2017643225
2017684590
2017685208
2017704222
2017826834
2017921092
2017958920
2018011913
2018147422
2018221648
2018322681
2018353045
2018376280
2018598033
2018686618
2018732908
2030738793
2030755804
2031083377
2031180864
2031238773
2031912467
2032158474
2032506760
2032695643
2032749464
2032885050
2033595822
2033645275
2033788894
2039675690
2039678872
2039711243
2039765546
2039871503
2039895863
2043892498
2043924529
2043947464
2043977298
2044005644
2044050625
2044219446
2044345080
2044346523
2044427486
2044464849
2044464986
2044735634
2044814850
2044847206
2044930269
2045107513
2045117984
2045149945
2045170497
2045170678
2045198125
2045437602
2045483017
2046119996
2046125025
2046661960
2046705005
2046974921
2047049213
2047296850
2047389913
2047391062
2047581389
2047672703
2047672907
2047746722
2047792435
2047856380
2047858018
2047902007
2047935029
2048010284
2048031475
2048094413
2048115876
2048153751
2048202160
2048223166
2048244095
2048255466
2048283830
2048285610
2048303505
2048304606
2048326477
2048412737
2048427770
2048491389
2048575783
2048577265
2048832503
2048902399
2049004923
2049126572
2049284937
2049286458
2049305380
2049365035
2049461341
2049461606
2049500048
2049519636
2049538150
2049539137
2049697065
2049708007
2049838400
2049878032
2049930071
2050004524
2050115199
2050285762
2050320354
2050320875
2050329463
2050405413
2050417937
2050435574
2050568792
2050640153
2050657297
2050829441
2050904698
2050955778
2051007003
2051012325
2051122165
2051161334
2051196200
2051242290
2051242812
2051257808
2051317114
2051339200
2051347095
2051350550
2051373871
2051420448
2051498708
2051519880
2051574815
2051674050
2051711369
2051733249
2051743380
2051870101
2051870539
2051958919
2052018619
2052027173
2052060687
2052119660
2052120280
2052150386
2052161749
2052173376
2052192884
2052236271
2052245373
2052248308
2052260949
2052302083
2052376488
2052387006
2052425245
2052454714
2052475977
2052494147
2052502305
2052535602
2052551115
2052588727
2052686372
2052694297
2052700840
2052719106
2052737090
2052747849
2052804410
2052822329
2052831580
2052857472
2052859374
2052865551
2052866830
2052907212
2052924377
2052948988
2052983359
2052989244
2052989558
2053012026
2053021259
2053047305
2053049697
2053080938
2053126193
2053132095
2053144387
2053176699
2053209711
2053298538
2053316113
2053368688
2053395961
2053451192
2053472109
2053502340
2053566861
2053570379
2053591298
2053682206
2053703659
2053710078
2053718406
2053746919
2053748414
2053748954
2053772571
2053784982
2053801687
2053815564
2053816641
2053820833
2053835647
2053848707
2053858057
2053894369
2053918152
2053946844
2053969766
2053983330
2054003614
2054009700
2054011000
2054022677
2054035205
2054047875
2054092240
2054102726
2054125547
2054174641
2054199041
2054265158
2054293053
2054334262
2054350233
2054395147
2054427692
2054472078
2054485735
2054502346
2054502542
2054561308
2054590838
2054655011
2054657043
2054717302
2054764604
2054796187
2054826273
2054873163
2054904471
2054918386
2054921288
2054934009
2054934949
2054983979
2055012070
2055013569
2055072550
2055196102
2055322852
2055323546
2055372342
2055401830
2055471246
2055478726
2055502943
2055538669
2055572452
2055619526
2055787284
2055832274
2055994354
2055997262
2056095063
2056206241
2056208327
2056236919
2056316017
2056347853
2056371849
2056382582
2056391335
2056402180
2056426424
2056428001
2056477307
2056484544
2056626293
2056660317
2056748199
2056790509
2056896857
2056951929
2056953624
2057275827
2057326345
2057402985
2057585479
2057628917
2057690792
2057708867
2057709063
2057710367
2057779625
2057818739
2057819813
2057820126
2057958274
2058008953
2058010594
2058043241
2058045970
2058062239
2058111303
2058146749
2058161693
2058181085
2058247713
2058263204
2058265373
2058365065
2058380097
2058531311
2058552052
2058778726
2058829297
2058860623
2058861596
2058896186
2058911622
2058929292
2059068356
2059083024
2059098738
2059116765
2059202007
2059249876
2059288110
2059382227
2059428675
2059464634
2059530050
2059613708
2059648459
2059699785
2059745027
2059881665
2059947755
2059962410
2060077501
2060085655
2060099871
2060103375
2060135199
2060137856
2060234867
2060240889
2060244405
2060293142
2060330217
2060436786
2060492706
2060528023
2060596900
2060633011
2060701701
2060890607
2060924768
2061021485
2061046866
2061048805
2061132979
2061164776
2061167562
2061188142
2061198652
2061332414
2061348244
2061349567
2061362441
2061365229
2061394917
2061394960
2061458016
2061473271
2061539967
2061541501
2061553277
2061625054
2061667449
2061698312
2061848594
2061891319
2061904935
2061921588
2062000752
2062025660
2062052435
2062064990
2062091357
2062130346
2062149072
2062183828
2062290214
2062301651
2062303571
2062303910
2062305248
2062354960
2062361546
2062399417
2062434445
2062438113
2062447973
2062448130
2062462844
2062491161
2062501982
2062512680
2062527327
2062559188
2062613667
2062618897
2062626062
2062650412
2062656961
2062657613
2062710646
2062712676
2062725172
2062733801
2062743443
2062765870
2062893215
2062915421
2062993720
2063022276
2063033821
2063069686
2063080732
2063100589
2063123233
2063144332
2063145622
2063254988
2063279152
2063292817
2063375019
2063383383
2063439627
2063450478
2063489310
2063495580
2063507332
2063518053
2063556280
2063572918
2063589457
2063643369
2063652830
2063704547
2063718381
2063736710
2063747132
2063803775
2063854946
2063857603
2063874324
2063999872
2064027235
2064056843
2064157580
2064168025
2064182414
2064208100
2064271818
2064282963
2064302992
2064312904
2064316692
2064327613
2064359618
2064373089
2064435359
2064445962
2064458132
2064471704
2064495483
2064507453
2064575078
2064594138
2064646285
2064647108
2064711519
2064712152
2064712916
2064742059
2064742609
2064769829
2064925896
2064926375
2064939807
2064941735
2065026873
2065040075
2065074618
2065103968
2065108634
2065175912
2065281189
2065365119
2065477057
2065478647
2065508449
2065535210
2065609481
2065625176
2065768783
2065820335
2065852324
2065913470
2065917031
2065940314
2065958726
2066029270
2066047292
2066148319
2066156041
2066194789
2066211597
2066260331
2066286615
2066410736
2066463494
2066712129
2066736302
2066809399
2066881947
2066884555
2066902022
2066940996
2067051141
2067108284
2067144045
2067144644
2067276560
2067315849
2067434489
2067445015
2067453180
2067470521
2067470870
2067586792
2067741466
2067799813
2067939553
2067962862
2067999430
2068038111
2068047152
2068115632
2068118038
2068119426
2068258475
2068274687
2068275388
2068628581
2068817613
2068890921
2068891433
2068965661
2069097190
2069155512
2069228355
2069267214
2069322256
2069362236
2069363159
2069378315
2069433410
2069472657
2069520832
2069604944
2069637857
2069657032
2069691691
2069781685
2069934803
2070089307
2070152475
2070183042
2070346506
2070346712
2070377275
2070387156
2070405984
2070408517
2070428023
2070563907
2070619778
2070659906
2070703841
2070721343
2070727729
2070747966
2070982324
2071030719
2071094028
2071303760
2071325931
2071470642
2071476597
2071700951
2071847294
2071869155
2071887705
2071915457
2071967305
2071989593
2072188554
2072190105
2072190320
2072202191
2072225907
2072343856
2072445057
2072514150
2169458775
2174363479
2174502244
2174504714
2174565705
2174566568
2174644023
2174644519
2174648427
2174660802
2174661601
2174720611
2174728297
2174757151
2174766697
2174809480
2174822576
2175040513
2175107055
2175118901
2175119599
2175134218
2175159397
2175212665
2175234612
2175276118
2175285445
2175300940
2175354464
2175419894
2175428540
2175447381
2175494955
2175517898
2175532048
2175552743
2175574869
2175587142
2175595552
2175613048
2175622616
2175636180
2175702085
2175757909
2175780490
2175838811
2175847582
2175872948
2175873308
2175923696
2175988300
2176019235
2176031149
2176056617
2176090590
2176113214
2176159328
2176161024
2176162486
2176171859
2176225669
2176265792
2176311379
2176319524
2176350070
2176359352
2176361006
2176444679
2176448403
2176524133
2176526413
2176538292
2176539458
2176565100
2176585146
2176601254
2176601310
2176647991
2176689182
2176727195
2176742615
2176766049
2176838725
2176849027
2176971160
2177044060
2177067197
2177082624
2177134563
2177257206
2177406043
2177406136
2177409655
2177484548
2177515600
2177561747
2177682346
2177742119
2177803159
2177881704
2178011071
2178066902
2178080819
2178122491
2178232307
2178342977
2178367144
2178369388
2178597165
2178694720
2178740924
2178788980
2178801392
2178854424
2178927671
2178933785
2178934131
2178958163
2179031720
2179106755
2179377796
2179430459
2179554578
2179605004
2179652943
2179726199
2179791606
2179799222
2179990827
2180204266
2180304073
2180325900
2180573618
2180749805
2180750301
2180847578
2180849131
2180863659
2180929338
2180929918
2180952604
2180956114
2181003675
2181004906
2181117906
2181153111
2181320972
2181369491
2181394600
2181703292
2181915988
2182405376
2182498321
2182503610
2182552747
2182553307
2182628451
2182654453
2182755682
2182783425
2182877447
2182903039
2183123669
2183548578
2183598376
2183671424
2183870615
2184043052
2184276931
2184277779
2184298618
2184390378
2184423890
2184530537
2184619227
2184761765
2184777853
2184852607
2184855474
2184862850
2184946842
2185034700
2185087251
2185145207
2185241564
2185263899
2185283332
2185286666
2185353107
2185379003
2185421872
2185442798
2185487113
2185489555
2185600725
2185688837
2185733470
2185893285
2186083264
2186315852
2186362818
2186365092
2186502454
2186524006
2186588838
2186626303
2186648097
2186675200
2186814910
2186835783
2186861371
2187066913
2187137083
2187195628
2187200422
2187202540
2187323507
2187367873
2187430778
2187504348
2187565713
2187620125
2187662584
2187665340
2187730183
2187749141
2187751249
2187775110
2187819408
2187837589
2187839029
2187856818
2187859491
2188083658
2188130061
2188228092
2188231338
2188341779
2188416783
2188448988
2188468480
2188527416
2188545567
2188582926
2188598328
2188614048
2188633031
2188646582
2188664802
2188719270
2188721684
2188751676
2188787319
2188820943
2188927461
2188957214
2189037295
2189038631
2189065358
2189097652
2189109608
2189110215
2189126303
2189151970
2189227125
2189252616
2189294017
2189296222
2189302981
2189319949
2189369735
2189381504
2189397908
2189447467
2189593355
2189605228
2189607529
2189629115
2189694955
2189704535
2189784403
2189823422
2189864901
2189880216
2189886186
2189899888
2189927096
2189949641
2189959885
2189960669
2189998071
2190011510
2190016819
2190046061
2190055557
2190089192
2190092725
2190143828
2190173551
2190197218
2190329703
2190362980
2190364340
2190388246
2190398568
2190596519
2190641532
2190671657
2190750689
2190784910
2190786091
2190832846
2190835066
2190875744
2190884885
2190925808
2190993571
2191003412
2191030535
2191035313
2191147936
2191149566
2191150710
2191179195
2191292994
2191296430
2191337892
2191353581
2191404569
2191405616
2191433897
2191481232
2191483237
2191529785
2191530673
2191568868
2191630764
2191734280
2191805187
2191843449
2191866140
2191868051
2191885257
2191885449
2191933344
2191959318
2191981539
2192038700
2192050550
2192226516
2192247079
2192287738
2192313858
2192536354
2192562001
2192605352
2192742868
2192768638
2192769504
2192881136
2192938847
2193029793
2193068199
2193153389
2193153452
2193155115
2193188315
2193189366
2193304384
2193344579
2193372699
2193453250
2193477945
2193975180
2194048360
2194073328
2194155386
2194282806
2195265794
2195717122
2195975094
2196151381
2196894070
2197363974
2197702001
2198099371
2198197583
2198386336
2198406395
2198902763
2199007488
2199031203
2199259701
2199486497
2199901832
2200088518
2200144904
2200214007
2200286744
2200591501
2200667515
2200853991
2200928355
2201302800
2201676575
2201820383
2201838537
2202326485
2202378460
2202638608
2202655665
2202664437
2202694750
2203090688
2203226114
2203281875
2203438167
2203664869
2203735455
2203771666
2203840337
2203886699
2204372248
2204406702
2204503398
2204637855
2204763607
2204887835
2205000299
2205132108
2205171816
2205413409
2205416032
2205436515
2205623807
2205747036
2206087041
2206140941
2206626625
2206900215
2206989305
2207137345
2207360815
2208586885
2208640586
2208695899
2208963389
2208963498
2209590779
2209719991
2209778910
2210282712
2210532602
2210537675
2211115628
2212860208
2213631192
2213709266
2213754758
2213782005
2214087250
2214458746
2214503946
2215070867
2215222137
2215243571
2215298523
2215299856
2215327643
2215851889
2215916546
2216620433
2216762051
2217030191
2217050969
2217729030
2217793754
2217826525
2217989183
2218053895
2218088457
2218737777
2218976263
2218990271
2219152819
2219281576
2219283050
2220730856
2220756806
2221074235
2221152519
2221401435
2221440488
2221708293
2221748962
2221796792
2222293079
2222302314
2222618533
2222647885
2222797168
2222932322
2222998822
2223134641
2223705432
2224192255
2224567632
2224747509
2224975367
2224977656
2225089681
2225438104
2225503118
2225719175
2225758631
2225776473
2225805938
2225934702
2226215344
2226437137
2226512755
2226826327
2227893229
2228076858
2228115989
2228465066
2228670370
2228807283
2228834851
2229064816
2229276156
2229429439
2229643510
2229835356
2230091004
2230582898
2230825084
2231412512
2231495939
2231577178
2231628411
2231822283
2231949061
2232162007
2232218744
2233003938
2233044818
2233071034
2233101786
2233645391
2234147989
2234617941
2234939097
2235034671
2235136977
2235393425
2235443246
2236117841
2236125408
2236416848
2236454826
2236624898
2237044497
2237125463
2237194969
2237294763
2237351262
2237529019
2237701032
2237853499
2237917924
2238009248
2238400338
2238429404
2238758172
2238917594
2239278142
2239636624
2239703480
2240630995
2241034591
2241035564
2241451480
2241540513
2241582160
2242077959
2242652930
2242703083
2242745710
2244282603
2244563853
2244975634
2245372308
2245483446
2245768020
2245770685
2245829482
2245909947
2246116065
2246556918
2246583537
2246676433
2246843703
2247364141
2248551834
2248641047
2248744290
2248777170
2248972941
2249525114
2249705150
2250025486
2250659971
2250813468
2251131530
2251176695
2251499298
2251696988
2251773652
2252066774
2252193426
2252295536
2252446670
2252590615
2252789474
2252926615
2252940766
2253327785
2253775235
2253881016
2254069481
2254191261
2254819574
2254953308
2255261092
2255261821
2255524961
2255809977
2255992231
2256622540
2256708727
2257148515
2257442008
2257715156
2257742363
2257994682
2258185077
2258970366
2259075328
2259289000
2259432737
2259554770
2259576394
2260033733
2260205492
2260513396
2260579525
2260599722
2261350962
2261584960
2261608038
2261636782
2261700276
2261981689
2262156029
2262400586
2262491646
2262668735
2262732886
2262872873
2262952206
2262985235
2263141943
2263316622
2263353407
2263487246
2263865121
2263875760
2264228194
2264397099
2264974161
2264993614
2265196215
2265414609
2266118560
2266221316
2266226080
2266396988
2266438643
2266689484
2266886369
2266998369
2267033363
2282997781
2284423813
2284824673
2285378158
2285548356
2285821767
2286574186
2286743671
2286770297
2286896799
2288065307
2288065543
2288288873
2288492366
2288758190
2295215446
2295260382
2295404986
2295651861
2295815562
2296062168
2296733027
2296997363
2297795163
2297988363
2298266128
2298439102
2298574717
2298670709
2299163723
2299667383
2299850927
2300308304
2300537063
2300539637
2300593295
2300697824
2300744163
2300885132
2301045935
2301150994
2301835859
2302270025
2321411312
2322346870
2322446077
2322753794
2322784179
2322815267
2323029499
2323031582
2323180326
2323324096
2323371111
2323428386
2323526760
2323712175
2323728353
2323801206
2324204509
2324467224
2324491801
2324540787
2324622978
2324635889
2325312724
2325554288
2325910133
2325944349
2326044507
2326206444
2326560021
2326572993
2326818280
2327295672
2327318381
2327529437
2328238854
2328278194
2328464256
2328497702
2328963240
2328965183
